Nó com maior centralidade de grau: 10 (valor: 0.16145833333333331)
Nó com maior centralidade de proximidade: 82 (valor: 0.35687732342007433)
Nó com maior centralidade de intermediação: 5 (valor: 0.44073848620232864)
Grafo é conextado!
O raio do grafo é: 4
O diâmetro do grafo é: 8
A periferia do grafo é: [61, 62, 63, 64, 65, 66, 67, 68, 69, 70, 71, 72, 73, 74, 75, 76, 77, 78, 79, 80, 81, 150, 151, 132, 133, 134, 135, 136, 137, 138, 139, 140, 141, 142, 143, 144, 145, 146]
O centro do grafo é: [82, 102, 36]
O maior ciclo simples possui 3 e é composto por: [1, 4, 12]
Tamanho da maior componente conexa: 193
Formada por: [1, 2, 3, 4, 5, 6, 7, 8, 9, 10, 11, 12, 14, 15, 16, 17, 18, 19, 20, 21, 22, 23, 24, 25, 26, 27, 28, 29, 30, 31, 32, 33, 34, 35, 36, 37, 38, 39, 40, 41, 42, 43, 44, 45, 46, 47, 48, 49, 50, 51, 52, 53, 54, 55, 56, 57, 58, 59, 60, 61, 62, 63, 64, 65, 66, 67, 68, 69, 70, 71, 72, 73, 74, 75, 76, 77, 78, 79, 80, 81, 82, 83, 84, 85, 86, 87, 88, 89, 90, 91, 92, 93, 94, 95, 96, 97, 98, 99, 100, 101, 102, 103, 104, 105, 106, 107, 108, 109, 110, 111, 112, 113, 114, 115, 116, 117, 118, 119, 120, 121, 122, 123, 124, 125, 126, 127, 128, 129, 130, 131, 132, 133, 134, 135, 136, 137, 138, 139, 140, 141, 142, 143, 144, 145, 146, 147, 148, 149, 150, 151, 152, 153, 154, 155, 156, 157, 158, 159, 160, 161, 162, 163, 164, 165, 166, 167, 168, 169, 170, 171, 172, 173, 174, 175, 176, 177, 178, 179, 180, 181, 182, 183, 184, 185, 186, 187, 188, 189, 190, 191, 192, 193, 194]
Nó com maior grau: 10, Grau: 31
Imprimindo clustering: {1: 0.07142857142857142, 4: 1.0, 14: 0, 15: 0, 16: 0, 17: 0, 18: 1.0, 2: 0.004597701149425287, 7: 0.02197802197802198, 82: 0, 152: 0, 153: 0, 154: 0, 155: 0, 156: 0, 157: 0, 158: 0, 159: 0, 160: 0, 161: 0, 162: 0, 163: 0, 164: 0, 165: 0, 166: 0, 167: 0, 168: 0, 169: 0, 170: 0, 171: 0, 172: 0, 173: 0, 174: 0, 175: 0, 176: 0, 177: 0, 184: 1.0, 185: 1.0, 3: 0, 102: 0, 178: 0, 179: 0, 180: 0, 181: 0, 182: 0, 183: 0, 5: 0, 36: 0, 37: 0, 38: 0, 39: 0, 40: 0, 41: 0, 42: 0, 43: 0, 44: 0, 45: 0, 46: 0, 47: 0, 48: 0, 49: 0, 50: 0, 51: 0, 52: 0, 53: 0, 54: 0, 55: 0, 56: 0, 57: 0, 58: 0, 59: 0, 60: 0, 6: 0, 61: 0, 62: 0, 63: 0, 64: 0, 65: 0, 66: 0, 67: 0, 68: 0, 69: 0, 70: 0, 71: 0, 72: 0, 73: 0, 74: 0, 75: 0, 76: 0, 77: 0, 78: 0, 79: 0, 80: 0, 81: 0, 149: 0, 186: 0, 187: 0, 188: 0, 189: 0, 190: 0, 191: 0, 192: 0, 193: 0, 194: 0, 8: 0, 150: 0, 151: 0, 9: 0, 35: 0, 83: 0, 84: 0, 85: 0, 86: 0, 87: 0, 88: 0, 89: 0, 90: 0, 91: 0, 92: 0, 93: 0, 94: 0, 95: 0, 96: 0, 97: 0, 98: 0, 99: 0, 100: 0, 101: 0, 103: 0, 104: 0, 105: 0, 147: 0, 148: 0, 10: 0, 106: 0, 107: 0, 108: 0, 109: 0, 110: 0, 111: 0, 112: 0, 113: 0, 114: 0, 115: 0, 116: 0, 117: 0, 118: 0, 119: 0, 120: 0, 121: 0, 122: 0, 123: 0, 124: 0, 125: 0, 126: 0, 127: 0, 128: 0, 129: 0, 130: 0, 131: 0, 11: 0, 132: 0, 133: 0, 134: 0, 135: 0, 136: 0, 137: 0, 138: 0, 139: 0, 140: 0, 141: 0, 142: 0, 143: 0, 144: 0, 145: 0, 146: 0, 12: 0.009523809523809525, 19: 0, 20: 0, 21: 0, 22: 0, 23: 0, 24: 0, 25: 0, 26: 0, 27: 0, 28: 0, 29: 0, 30: 0, 31: 0, 32: 0, 33: 0, 34: 0}
Coeficiente de clusterização médio: 0.021282529036683043
Cliques maximos: [[1, 5], [1, 12, 18], [1, 12, 4], [1, 14], [1, 15], [1, 16], [1, 17], [2, 7, 184], [2, 7, 185], [2, 152], [2, 153], [2, 154], [2, 155], [2, 156], [2, 157], [2, 158], [2, 159], [2, 160], [2, 161], [2, 162], [2, 163], [2, 164], [2, 165], [2, 166], [2, 167], [2, 168], [2, 169], [2, 170], [2, 171], [2, 172], [2, 173], [2, 174], [2, 175], [2, 176], [2, 177], [2, 82], [3, 102], [3, 7], [3, 176], [3, 177], [3, 178], [3, 179], [3, 180], [3, 181], [3, 182], [3, 183], [5, 36], [5, 37], [5, 38], [5, 39], [5, 40], [5, 41], [5, 42], [5, 43], [5, 44], [5, 45], [5, 46], [5, 47], [5, 48], [5, 49], [5, 50], [5, 51], [5, 52], [5, 53], [5, 54], [5, 55], [5, 56], [5, 57], [5, 58], [5, 59], [5, 60], [5, 82], [5, 102], [6, 64], [6, 65], [6, 66], [6, 67], [6, 68], [6, 69], [6, 70], [6, 71], [6, 72], [6, 73], [6, 74], [6, 75], [6, 76], [6, 77], [6, 78], [6, 79], [6, 80], [6, 81], [6, 59], [6, 60], [6, 61], [6, 62], [6, 63], [7, 192], [7, 193], [7, 194], [7, 149], [7, 186], [7, 187], [7, 188], [7, 189], [7, 190], [7, 191], [8, 149], [8, 150], [8, 151], [9, 82], [9, 147], [9, 148], [9, 149], [9, 83], [9, 84], [9, 152], [9, 85], [9, 86], [9, 87], [9, 88], [9, 89], [9, 90], [9, 91], [9, 92], [9, 93], [9, 94], [9, 35], [9, 95], [9, 96], [9, 97], [9, 98], [9, 99], [9, 100], [9, 101], [9, 102], [9, 103], [9, 104], [9, 105], [10, 128], [10, 129], [10, 130], [10, 131], [10, 149], [10, 36], [10, 103], [10, 104], [10, 105], [10, 106], [10, 107], [10, 108], [10, 109], [10, 110], [10, 111], [10, 112], [10, 113], [10, 114], [10, 115], [10, 116], [10, 117], [10, 118], [10, 119], [10, 120], [10, 121], [10, 122], [10, 123], [10, 124], [10, 125], [10, 126], [10, 127], [11, 129], [11, 130], [11, 131], [11, 132], [11, 133], [11, 134], [11, 135], [11, 136], [11, 137], [11, 138], [11, 139], [11, 140], [11, 141], [11, 142], [11, 143], [11, 144], [11, 145], [11, 146], [11, 147], [11, 148], [11, 35], [12, 32], [12, 33], [12, 34], [12, 35], [12, 82], [12, 19], [12, 20], [12, 21], [12, 22], [12, 23], [12, 24], [12, 25], [12, 26], [12, 27], [12, 28], [12, 29], [12, 30], [12, 31]]
Maior clique: [1, 12, 18]
